0.01 0.00339743 0.00339743 2 1 0
0.0103599 0.00354141 0.00354141 1 1 0
0.0107201 0.00368641 0.00368641 1 1 0
0.0114412 0.00397938 0.00397938 1 1 0
0.0128871 0.00457656 0.00457656 1 1 0
0.0147028 0.0053426 0.0053426 1 1 0
0.0165301 0.00612856 0.00612856 1 1 0
0.0183719 0.00693281 0.00693281 1 1 0
0.0202315 0.00775393 0.00775393 1 1 0
0.0221123 0.00859063 0.00859063 1 1 0
0.0240178 0.00944171 0.00944171 1 1 0
0.0259517 0.010306 0.010306 1 1 0
0.0279177 0.0111823 0.0111823 1 1 0
0.0299192 0.0120696 0.0120696 1 1 0
0.0319597 0.0129667 0.0129667 1 1 0
0.0340426 0.0138726 0.0138726 1 1 0
0.0361708 0.0147863 0.0147863 1 1 0
0.0383473 0.0157069 0.0157069 1 1 0
0.0405744 0.0166334 0.0166334 1 1 0
0.0428545 0.0175651 0.0175651 1 1 0
0.0451895 0.0185013 0.0185013 1 1 0
0.0475812 0.0194415 0.0194415 1 1 0
0.0500308 0.020385 0.020385 1 1 0
0.0525396 0.0213316 0.0213316 1 1 0
0.0551085 0.0222809 0.0222809 1 1 0
0.0577383 0.0232327 0.0232327 1 1 0
0.0604297 0.0241868 0.0241868 1 1 0
0.0631831 0.0251432 0.0251432 1 1 0
0.065999 0.0261019 0.0261019 1 1 0
0.0688776 0.0270628 0.0270628 1 1 0
0.0718193 0.0280259 0.0280259 1 1 0
0.0748242 0.0289914 0.0289914 1 1 0
0.0778927 0.0299592 0.0299592 1 1 0
0.0810249 0.0309292 0.0309292 1 1 0
0.0842209 0.0319016 0.0319016 1 1 0
0.087481 0.0328761 0.0328761 1 1 0
0.0908053 0.0338525 0.0338525 1 1 0
0.0941938 0.0348306 0.0348306 1 1 0
0.0976465 0.0358099 0.0358099 1 1 0
0.101163 0.0367899 0.0367899 1 1 0
0.104743 0.0377698 0.0377698 1 1 0
0.108387 0.0387489 0.0387489 1 1 0
0.112094 0.0397262 0.0397262 1 1 0
0.115864 0.0407004 0.0407004 1 1 0
0.119695 0.0416699 0.0416699 1 1 0
0.123587 0.042633 0.042633 1 1 0
0.127537 0.0435878 0.0435878 1 1 0
0.131545 0.0445319 0.0445319 1 1 0
0.135609 0.0454627 0.0454627 1 1 0
0.139724 0.0463775 0.0463775 1 1 0
0.14389 0.0472732 0.0472732 1 1 0
0.148102 0.0481464 0.0481464 1 1 0
0.152358 0.0489937 0.0489937 1 1 0
0.156652 0.0498112 0.0498112 1 1 0
0.160982 0.0505953 0.0505953 1 1 0
0.165342 0.0513421 0.0513421 1 1 0
0.169729 0.0520478 0.0520478 1 1 0
0.174138 0.0527088 0.0527088 1 1 0
0.178563 0.0533214 0.0533214 1 1 0
0.183002 0.0538825 0.0538825 1 1 0
0.187449 0.0543891 0.0543891 1 1 0
0.1919 0.0548388 0.0548388 1 1 0
0.196351 0.0552295 0.0552295 1 1 0
0.2008 0.0555597 0.0555597 1 1 0
0.205241 0.0558282 0.0558282 1 1 0
0.209673 0.0560346 0.0560346 1 1 0
0.214093 0.0561789 0.0561789 1 1 0
0.218498 0.0562618 0.0562618 1 1 0
0.222887 0.0562842 0.0562842 1 1 0
0.227257 0.0562478 0.0562478 1 1 0
0.231607 0.0561545 0.0561545 1 1 0
0.235936 0.0560067 0.0560067 1 1 0
0.240243 0.0558071 0.0558071 1 1 0
0.244527 0.0555586 0.0555586 1 1 0
0.248787 0.0552644 0.0552644 1 1 0
0.253023 0.0549278 0.0549278 1 1 0
0.257236 0.0545523 0.0545523 1 1 0
0.261424 0.0541414 0.0541414 1 1 0
0.265589 0.0536985 0.0536985 1 1 0
0.26973 0.0532272 0.0532272 1 1 0
0.273848 0.0527308 0.0527308 1 1 0
0.277943 0.0522126 0.0522126 1 1 0
0.282015 0.0516758 0.0516758 1 1 0
0.286065 0.0511235 0.0511235 1 1 0
0.290094 0.0505586 0.0505586 1 1 0
0.294102 0.0499837 0.0499837 1 1 0
0.29809 0.0494014 0.0494014 1 1 0
0.302058 0.0488141 0.0488141 1 1 0
0.306008 0.0482241 0.0482241 1 1 0
0.309939 0.0476332 0.0476332 1 1 0
0.313852 0.0470433 0.0470433 1 1 0
0.316923 0.0465804 0.0465804 1 1 0
0.320808 0.0459964 0.0459964 2 1 0
0.324676 0.0454177 0.0454177 2 1 0
0.328529 0.0448455 0.0448455 2 1 0
0.332368 0.0442809 0.0442809 2 1 0
0.336193 0.0437248 0.0437248 2 1 0
0.340005 0.043178 0.043178 2 1 0
0.343805 0.0426413 0.0426413 2 1 0
0.347593 0.0421153 0.0421153 2 1 0
0.35137 0.0416004 0.0416004 2 1 0
0.355137 0.0410971 0.0410971 2 1 0
0.358895 0.0406057 0.0406057 2 1 0
0.362643 0.0401265 0.0401265 2 1 0
0.366382 0.0396596 0.0396596 2 1 0
0.370114 0.0392051 0.0392051 2 1 0
0.373839 0.0387633 0.0387633 2 1 0
0.377557 0.038334 0.038334 2 1 0
0.381269 0.0379173 0.0379173 2 1 0
0.384975 0.0375131 0.0375131 2 1 0
0.388676 0.0371214 0.0371214 2 1 0
0.392372 0.036742 0.036742 2 1 0
0.396064 0.0363748 0.0363748 2 1 0
0.399752 0.0360196 0.0360196 2 1 0
0.403437 0.0356763 0.0356763 2 1 0
0.407119 0.0353446 0.0353446 2 1 0
0.410799 0.0350245 0.0350245 2 1 0
0.414476 0.0347155 0.0347155 2 1 0
0.418151 0.0344176 0.0344176 2 1 0
0.421824 0.0341306 0.0341306 2 1 0
0.425496 0.033854 0.033854 2 1 0
0.429167 0.0335878 0.0335878 2 1 0
0.432837 0.0333317 0.0333317 2 1 0
0.436506 0.0330855 0.0330855 2 1 0
0.440175 0.0328488 0.0328488 2 1 0
0.443843 0.0326215 0.0326215 2 1 0
0.447511 0.0324034 0.0324034 2 1 0
0.451179 0.0321941 0.0321941 2 1 0
0.454846 0.0319934 0.0319934 2 1 0
0.458514 0.0318012 0.0318012 2 1 0
0.462182 0.0316171 0.0316171 2 1 0
0.46585 0.031441 0.031441 2 1 0
0.469518 0.0312726 0.0312726 2 1 0
0.473187 0.0311117 0.0311117 2 1 0
0.476856 0.030958 0.030958 2 1 0
0.480525 0.0308115 0.0308115 2 1 0
0.484194 0.0306718 0.0306718 2 1 0
0.487864 0.0305387 0.0305387 2 1 0
0.491533 0.0304121 0.0304121 2 1 0
0.495204 0.0302918 0.0302918 2 1 0
0.498874 0.0301775 0.0301775 2 1 0
0.502544 0.0300691 0.0300691 2 1 0
0.506215 0.0299665 0.0299665 2 1 0
0.509885 0.0298694 0.0298694 2 1 0
0.513556 0.0297776 0.0297776 2 1 0
0.517226 0.0296911 0.0296911 2 1 0
0.520897 0.0296096 0.0296096 2 1 0
0.524567 0.029533 0.029533 2 1 0
0.528237 0.0294611 0.0294611 2 1 0
0.531907 0.0293939 0.0293939 2 1 0
0.535576 0.0293311 0.0293311 2 1 0
0.539246 0.0292726 0.0292726 2 1 0
0.542914 0.0292183 0.0292183 2 1 0
0.546582 0.029168 0.029168 2 1 0
0.55025 0.0291217 0.0291217 2 1 0
0.553917 0.0290793 0.0290793 2 1 0
0.557583 0.0290405 0.0290405 2 1 0
0.561249 0.0290053 0.0290053 2 1 0
0.564913 0.0289736 0.0289736 2 1 0
0.568577 0.0289453 0.0289453 2 1 0
0.57224 0.0289203 0.0289203 2 1 0
0.575902 0.0288984 0.0288984 2 1 0
0.579563 0.0288797 0.0288797 2 1 0
0.583223 0.0288639 0.0288639 2 1 0
0.586881 0.0288511 0.0288511 2 1 0
0.590539 0.0288411 0.0288411 2 1 0
0.594195 0.0288339 0.0288339 2 1 0
0.59785 0.0288293 0.0288293 2 1 0
0.601504 0.0288273 0.0288273 2 1 0
0.605156 0.0288279 0.0288279 2 1 0
0.608807 0.0288309 0.0288309 2 1 0
0.612457 0.0288363 0.0288363 2 1 0
0.616105 0.028844 0.028844 2 1 0
0.619752 0.0288539 0.0288539 2 1 0
0.623397 0.0288661 0.0288661 2 1 0
0.627041 0.0288804 0.0288804 2 1 0
0.630683 0.0288968 0.0288968 2 1 0
0.634323 0.0289153 0.0289153 2 1 0
0.637962 0.0289357 0.0289357 2 1 0
0.641599 0.028958 0.028958 2 1 0
0.645234 0.0289822 0.0289822 2 1 0
0.648868 0.0290082 0.0290082 2 1 0
0.6525 0.029036 0.029036 2 1 0
0.65613 0.0290656 0.0290656 2 1 0
0.659759 0.0290968 0.0290968 2 1 0
0.663386 0.0291297 0.0291297 2 1 0
0.66701 0.0291643 0.0291643 2 1 0
0.670634 0.0292004 0.0292004 2 1 0
0.674255 0.029238 0.029238 2 1 0
0.677874 0.0292771 0.0292771 2 1 0
0.681492 0.0293177 0.0293177 2 1 0
0.685107 0.0293598 0.0293598 2 1 0
0.688721 0.0294032 0.0294032 2 1 0
0.692333 0.0294481 0.0294481 2 1 0
0.695943 0.0294942 0.0294942 2 1 0
0.698103 0.0295225 0.0295225 2 1 0
0.70171 0.0295707 0.0295707 1 1 0
0.705315 0.0296202 0.0296202 1 1 0
0.708918 0.029671 0.029671 1 1 0
0.712519 0.0297229 0.0297229 1 1 0
0.716119 0.0297761 0.0297761 1 1 0
0.719716 0.0298304 0.0298304 1 1 0
0.723311 0.0298858 0.0298858 1 1 0
0.726905 0.0299424 0.0299424 1 1 0
0.730496 0.03 0.03 1 1 0
0.734086 0.0300588 0.0300588 1 1 0
0.737673 0.0301185 0.0301185 1 1 0
0.741259 0.0301793 0.0301793 1 1 0
0.744842 0.0302412 0.0302412 1 1 0
0.748424 0.030304 0.030304 1 1 0
0.752003 0.0303677 0.0303677 1 1 0
0.755581 0.0304325 0.0304325 1 1 0
0.759157 0.0304981 0.0304981 1 1 0
0.762731 0.0305647 0.0305647 1 1 0
0.766302 0.0306322 0.0306322 1 1 0
0.769872 0.0307006 0.0307006 1 1 0
0.77344 0.0307698 0.0307698 1 1 0
0.777006 0.0308399 0.0308399 1 1 0
0.78057 0.0309108 0.0309108 1 1 0
0.784132 0.0309826 0.0309826 1 1 0
0.787692 0.0310552 0.0310552 1 1 0
0.79125 0.0311285 0.0311285 1 1 0
0.794807 0.0312027 0.0312027 1 1 0
0.798361 0.0312776 0.0312776 1 1 0
0.801913 0.0313533 0.0313533 1 1 0
0.805464 0.0314297 0.0314297 1 1 0
0.809012 0.0315068 0.0315068 1 1 0
0.812559 0.0315847 0.0315847 1 1 0
0.816103 0.0316633 0.0316633 1 1 0
0.819646 0.0317426 0.0317426 1 1 0
0.823187 0.0318225 0.0318225 1 1 0
0.826726 0.0319032 0.0319032 1 1 0
0.830263 0.0319845 0.0319845 1 1 0
0.833798 0.0320664 0.0320664 1 1 0
0.837331 0.0321491 0.0321491 1 1 0
0.840862 0.0322323 0.0322323 1 1 0
0.844392 0.0323162 0.0323162 1 1 0
0.84792 0.0324007 0.0324007 1 1 0
0.851445 0.0324857 0.0324857 1 1 0
0.854969 0.0325714 0.0325714 1 1 0
0.858491 0.0326577 0.0326577 1 1 0
0.862011 0.0327446 0.0327446 1 1 0
0.86553 0.032832 0.032832 1 1 0
0.869046 0.03292 0.03292 1 1 0
0.872561 0.0330086 0.0330086 1 1 0
0.876074 0.0330977 0.0330977 1 1 0
0.879585 0.0331873 0.0331873 1 1 0
0.883094 0.0332775 0.0332775 1 1 0
0.886602 0.0333682 0.0333682 1 1 0
0.890108 0.0334594 0.0334594 1 1 0
0.893611 0.0335512 0.0335512 1 1 0
0.897114 0.0336434 0.0336434 1 1 0
0.900614 0.0337362 0.0337362 1 1 0
0.904113 0.0338294 0.0338294 1 1 0
0.907609 0.0339231 0.0339231 1 1 0
0.911104 0.0340173 0.0340173 1 1 0
0.914598 0.0341119 0.0341119 1 1 0
0.918089 0.0342071 0.0342071 1 1 0
0.921579 0.0343027 0.0343027 1 1 0
0.925067 0.0343987 0.0343987 1 1 0
0.928554 0.0344952 0.0344952 1 1 0
0.932039 0.0345921 0.0345921 1 1 0
0.935522 0.0346895 0.0346895 1 1 0
0.939003 0.0347873 0.0347873 1 1 0
0.942483 0.0348855 0.0348855 1 1 0
0.945961 0.0349841 0.0349841 1 1 0
0.949437 0.0350832 0.0350832 1 1 0
0.952911 0.0351826 0.0351826 1 1 0
0.956384 0.0352825 0.0352825 1 1 0
0.959856 0.0353827 0.0353827 1 1 0
0.963325 0.0354834 0.0354834 1 1 0
0.966793 0.0355844 0.0355844 1 1 0
0.97026 0.0356858 0.0356858 1 1 0
0.973724 0.0357876 0.0357876 1 1 0
0.977188 0.0358897 0.0358897 1 1 0
0.980649 0.0359923 0.0359923 1 1 0
0.984109 0.0360952 0.0360952 1 1 0
0.987567 0.0361984 0.0361984 1 1 0
0.991024 0.036302 0.036302 1 1 0
0.994479 0.036406 0.036406 1 1 0
0.997933 0.0365103 0.0365103 1 1 0
1.00138 0.0366149 0.0366149 1 1 0
1.00484 0.0367199 0.0367199 1 1 0
1.00828 0.0368252 0.0368252 1 1 0
1.01173 0.0369308 0.0369308 1 1 0
1.01518 0.0370368 0.0370368 1 1 0
1.01862 0.037143 0.037143 1 1 0
1.02206 0.0372496 0.0372496 1 1 0
1.02551 0.0373565 0.0373565 1 1 0
1.02894 0.0374637 0.0374637 1 1 0
1.03238 0.0375712 0.0375712 1 1 0
1.03582 0.0376791 0.0376791 1 1 0
1.03925 0.0377872 0.0377872 1 1 0
1.04269 0.0378955 0.0378955 1 1 0
1.04612 0.0380042 0.0380042 1 1 0
1.04955 0.0381132 0.0381132 1 1 0
1.05298 0.0382224 0.0382224 1 1 0
1.05641 0.038332 0.038332 1 1 0
1.05983 0.0384417 0.0384417 1 1 0
1.06326 0.0385518 0.0385518 1 1 0
1.06668 0.0386621 0.0386621 1 1 0
1.0701 0.0387727 0.0387727 1 1 0
1.07353 0.0388836 0.0388836 1 1 0
1.07694 0.0389947 0.0389947 1 1 0
1.08036 0.039106 0.039106 1 1 0
1.08378 0.0392176 0.0392176 1 1 0
1.08719 0.0393294 0.0393294 1 1 0
1.09061 0.0394415 0.0394415 1 1 0
1.09402 0.0395539 0.0395539 1 1 0
1.09743 0.0396664 0.0396664 1 1 0
1.10084 0.0397792 0.0397792 1 1 0
1.10425 0.0398922 0.0398922 1 1 0
1.10765 0.0400054 0.0400054 1 1 0
1.11106 0.0401189 0.0401189 1 1 0
1.11446 0.0402326 0.0402326 1 1 0
1.11786 0.0403465 0.0403465 1 1 0
1.12127 0.0404606 0.0404606 1 1 0
1.12467 0.0405749 0.0405749 1 1 0
1.12806 0.0406894 0.0406894 1 1 0
1.13146 0.0408041 0.0408041 1 1 0
1.13486 0.040919 0.040919 1 1 0
1.13825 0.0410341 0.0410341 1 1 0
1.14164 0.0411494 0.0411494 1 1 0
1.14504 0.0412649 0.0412649 1 1 0
1.14843 0.0413806 0.0413806 1 1 0
1.15182 0.0414965 0.0414965 1 1 0
1.1552 0.0416125 0.0416125 1 1 0
1.15859 0.0417288 0.0417288 1 1 0
1.16198 0.0418452 0.0418452 1 1 0
1.16536 0.0419617 0.0419617 1 1 0
1.16874 0.0420785 0.0420785 1 1 0
1.17213 0.0421954 0.0421954 1 1 0
1.17551 0.0423125 0.0423125 1 1 0
1.17888 0.0424297 0.0424297 1 1 0
1.18226 0.0425471 0.0425471 1 1 0
1.18564 0.0426646 0.0426646 1 1 0
1.18901 0.0427823 0.0427823 1 1 0
1.19239 0.0429002 0.0429002 1 1 0
1.19576 0.0430182 0.0430182 1 1 0
1.19913 0.0431363 0.0431363 1 1 0
1.2025 0.0432546 0.0432546 1 1 0
1.20587 0.043373 0.043373 1 1 0
1.20924 0.0434916 0.0434916 1 1 0
1.21261 0.0436103 0.0436103 1 1 0
1.21597 0.0437291 0.0437291 1 1 0
1.21934 0.043848 0.043848 1 1 0
1.2227 0.0439671 0.0439671 1 1 0
1.22606 0.0440863 0.0440863 1 1 0
1.22943 0.0442056 0.0442056 1 1 0
1.23279 0.0443251 0.0443251 1 1 0
1.23614 0.0444446 0.0444446 1 1 0
1.2395 0.0445643 0.0445643 1 1 0
1.24286 0.044684 0.044684 1 1 0
1.24621 0.0448039 0.0448039 1 1 0
1.24957 0.0449239 0.0449239 1 1 0
1.25292 0.045044 0.045044 1 1 0
1.25627 0.0451642 0.0451642 1 1 0
1.25962 0.0452844 0.0452844 1 1 0
1.26297 0.0454048 0.0454048 1 1 0
1.26632 0.0455253 0.0455253 1 1 0
1.26967 0.0456458 0.0456458 1 1 0
1.27301 0.0457665 0.0457665 1 1 0
1.27636 0.0458872 0.0458872 1 1 0
1.2797 0.046008 0.046008 1 1 0
1.28305 0.0461289 0.0461289 1 1 0
1.28639 0.0462499 0.0462499 1 1 0
1.28973 0.0463709 0.0463709 1 1 0
1.29307 0.046492 0.046492 1 1 0
1.29641 0.0466132 0.0466132 1 1 0
1.29975 0.0467345 0.0467345 1 1 0
1.30308 0.0468558 0.0468558 1 1 0
1.30642 0.0469772 0.0469772 1 1 0
1.30975 0.0470986 0.0470986 1 1 0
1.31309 0.0472201 0.0472201 1 1 0
1.31642 0.0473417 0.0473417 1 1 0
1.31975 0.0474633 0.0474633 1 1 0
1.32308 0.0475849 0.0475849 1 1 0
1.32641 0.0477066 0.0477066 1 1 0
1.32974 0.0478284 0.0478284 1 1 0
1.33306 0.0479502 0.0479502 1 1 0
1.33639 0.048072 0.048072 1 1 0
1.33971 0.0481939 0.0481939 1 1 0
1.34304 0.0483158 0.0483158 1 1 0
1.34636 0.0484378 0.0484378 1 1 0
1.34968 0.0485598 0.0485598 1 1 0
1.353 0.0486818 0.0486818 1 1 0
1.35633 0.0488038 0.0488038 1 1 0
1.35964 0.0489259 0.0489259 1 1 0
1.36296 0.049048 0.049048 1 1 0
1.36628 0.0491701 0.0491701 1 1 0
1.3696 0.0492922 0.0492922 1 1 0
1.37291 0.0494144 0.0494144 1 1 0
1.37622 0.0495365 0.0495365 1 1 0
1.37954 0.0496587 0.0496587 1 1 0
1.38285 0.0497809 0.0497809 1 1 0
1.38616 0.0499031 0.0499031 1 1 0
1.38947 0.0500253 0.0500253 1 1 0
1.39278 0.0501475 0.0501475 1 1 0
1.39609 0.0502697 0.0502697 1 1 0
1.3994 0.0503919 0.0503919 1 1 0
1.4027 0.0505141 0.0505141 1 1 0
1.40601 0.0506363 0.0506363 1 1 0
1.40931 0.0507585 0.0507585 1 1 0
1.41262 0.0508807 0.0508807 1 1 0
1.41592 0.0510029 0.0510029 1 1 0
1.41922 0.0511251 0.0511251 1 1 0
1.42252 0.0512472 0.0512472 1 1 0
1.42582 0.0513694 0.0513694 1 1 0
1.42912 0.0514915 0.0514915 1 1 0
1.43242 0.0516136 0.0516136 1 1 0
1.43572 0.0517356 0.0517356 1 1 0
1.43901 0.0518577 0.0518577 1 1 0
1.44231 0.0519797 0.0519797 1 1 0
1.44561 0.0521017 0.0521017 1 1 0
1.4489 0.0522237 0.0522237 1 1 0
1.45219 0.0523456 0.0523456 1 1 0
1.45548 0.0524675 0.0524675 1 1 0
1.45878 0.0525893 0.0525893 1 1 0
1.46207 0.0527111 0.0527111 1 1 0
1.46535 0.0528329 0.0528329 1 1 0
1.46864 0.0529547 0.0529547 1 1 0
1.47193 0.0530763 0.0530763 1 1 0
1.47522 0.053198 0.053198 1 1 0
1.4785 0.0533196 0.0533196 1 1 0
1.48179 0.0534411 0.0534411 1 1 0
1.48507 0.0535626 0.0535626 1 1 0
1.48836 0.053684 0.053684 1 1 0
1.49164 0.0538054 0.0538054 1 1 0
1.49492 0.0539267 0.0539267 1 1 0
1.4982 0.054048 0.054048 1 1 0
1.50148 0.0541692 0.0541692 1 1 0
1.50476 0.0542903 0.0542903 1 1 0
1.50804 0.0544114 0.0544114 1 1 0
1.51132 0.0545324 0.0545324 1 1 0
1.51459 0.0546534 0.0546534 1 1 0
1.51787 0.0547742 0.0547742 1 1 0
1.52115 0.054895 0.054895 1 1 0
1.52442 0.0550157 0.0550157 1 1 0
1.52769 0.0551364 0.0551364 1 1 0
1.53097 0.0552569 0.0552569 1 1 0
1.53424 0.0553774 0.0553774 1 1 0
1.53751 0.0554978 0.0554978 1 1 0
1.54078 0.0556181 0.0556181 1 1 0
1.54405 0.0557384 0.0557384 1 1 0
1.54732 0.0558585 0.0558585 1 1 0
1.55059 0.0559786 0.0559786 1 1 0
1.55385 0.0560985 0.0560985 1 1 0
1.55712 0.0562184 0.0562184 1 1 0
1.56039 0.0563382 0.0563382 1 1 0
1.56365 0.0564579 0.0564579 1 1 0
1.56691 0.0565775 0.0565775 1 1 0
1.57018 0.056697 0.056697 1 1 0
1.57344 0.0568164 0.0568164 1 1 0
1.5767 0.0569357 0.0569357 1 1 0
1.57996 0.0570549 0.0570549 1 1 0
1.58322 0.0571739 0.0571739 1 1 0
1.58648 0.0572929 0.0572929 1 1 0
1.58974 0.0574118 0.0574118 1 1 0
1.593 0.0575305 0.0575305 1 1 0
1.59626 0.0576492 0.0576492 1 1 0
1.59951 0.0577677 0.0577677 1 1 0
1.60277 0.0578861 0.0578861 1 1 0
1.60602 0.0580044 0.0580044 1 1 0
1.60928 0.0581226 0.0581226 1 1 0
1.61253 0.0582407 0.0582407 1 1 0
1.61579 0.0583586 0.0583586 1 1 0
1.61904 0.0584765 0.0584765 1 1 0
1.62229 0.0585942 0.0585942 1 1 0
1.62554 0.0587117 0.0587117 1 1 0
1.62879 0.0588292 0.0588292 1 1 0
1.63204 0.0589465 0.0589465 1 1 0
1.63529 0.0590637 0.0590637 1 1 0
1.63854 0.0591808 0.0591808 1 1 0
1.64178 0.0592977 0.0592977 1 1 0
1.64503 0.0594145 0.0594145 1 1 0
1.64828 0.0595311 0.0595311 1 1 0
1.65152 0.0596477 0.0596477 1 1 0
1.65477 0.0597641 0.0597641 1 1 0
1.65801 0.0598803 0.0598803 1 1 0
1.66125 0.0599964 0.0599964 1 1 0
1.6645 0.0601124 0.0601124 1 1 0
1.66774 0.0602282 0.0602282 1 1 0
1.67098 0.0603439 0.0603439 1 1 0
1.67422 0.0604594 0.0604594 1 1 0
1.67746 0.0605748 0.0605748 1 1 0
1.6807 0.06069 0.06069 1 1 0
1.68394 0.0608051 0.0608051 1 1 0
1.68717 0.06092 0.06092 1 1 0
1.69041 0.0610348 0.0610348 1 1 0
1.69365 0.0611494 0.0611494 1 1 0
1.69688 0.0612639 0.0612639 1 1 0
1.70012 0.0613782 0.0613782 1 1 0
1.70335 0.0614923 0.0614923 1 1 0
1.70659 0.0616063 0.0616063 1 1 0
1.70982 0.0617202 0.0617202 1 1 0
1.71305 0.0618339 0.0618339 1 1 0
1.71628 0.0619474 0.0619474 1 1 0
1.71952 0.0620607 0.0620607 1 1 0
1.72275 0.0621739 0.0621739 1 1 0
1.72598 0.0622869 0.0622869 1 1 0
1.72921 0.0623998 0.0623998 1 1 0
1.73243 0.0625124 0.0625124 1 1 0
1.73566 0.062625 0.062625 1 1 0
1.73889 0.0627373 0.0627373 1 1 0
1.74212 0.0628495 0.0628495 1 1 0
1.74534 0.0629615 0.0629615 1 1 0
1.74857 0.0630733 0.0630733 1 1 0
1.75179 0.0631849 0.0631849 1 1 0
1.75502 0.0632964 0.0632964 1 1 0
1.75824 0.0634077 0.0634077 1 1 0
1.76147 0.0635188 0.0635188 1 1 0
1.76469 0.0636298 0.0636298 1 1 0
1.76791 0.0637405 0.0637405 1 1 0
1.77113 0.0638511 0.0638511 1 1 0
1.77435 0.0639615 0.0639615 1 1 0
1.77757 0.0640717 0.0640717 1 1 0
1.78079 0.0641818 0.0641818 1 1 0
1.78401 0.0642916 0.0642916 1 1 0
1.78723 0.0644013 0.0644013 1 1 0
1.79045 0.0645107 0.0645107 1 1 0
1.79366 0.06462 0.06462 1 1 0
1.79688 0.0647291 0.0647291 1 1 0
1.8001 0.064838 0.064838 1 1 0
1.80331 0.0649467 0.0649467 1 1 0
1.80653 0.0650553 0.0650553 1 1 0
1.80974 0.0651636 0.0651636 1 1 0
1.81296 0.0652717 0.0652717 1 1 0
1.81617 0.0653797 0.0653797 1 1 0
1.81938 0.0654874 0.0654874 1 1 0
1.82259 0.065595 0.065595 1 1 0
1.82581 0.0657023 0.0657023 1 1 0
1.82902 0.0658095 0.0658095 1 1 0
1.83223 0.0659165 0.0659165 1 1 0
1.83544 0.0660232 0.0660232 1 1 0
1.83865 0.0661298 0.0661298 1 1 0
1.84186 0.0662362 0.0662362 1 1 0
1.84506 0.0663423 0.0663423 1 1 0
1.84827 0.0664483 0.0664483 1 1 0
1.85148 0.0665541 0.0665541 1 1 0
1.85469 0.0666596 0.0666596 1 1 0
1.85789 0.066765 0.066765 1 1 0
1.8611 0.0668701 0.0668701 1 1 0
1.8643 0.0669751 0.0669751 1 1 0
1.86751 0.0670798 0.0670798 1 1 0
1.87071 0.0671843 0.0671843 1 1 0
1.87391 0.0672887 0.0672887 1 1 0
1.87712 0.0673928 0.0673928 1 1 0
1.88032 0.0674967 0.0674967 1 1 0
1.88352 0.0676004 0.0676004 1 1 0
1.88672 0.0677039 0.0677039 1 1 0
1.88992 0.0678071 0.0678071 1 1 0
1.89312 0.0679102 0.0679102 1 1 0
1.89632 0.0680131 0.0680131 1 1 0
1.89952 0.0681157 0.0681157 1 1 0
1.90272 0.0682181 0.0682181 1 1 0
1.90592 0.0683204 0.0683204 1 1 0
1.90912 0.0684224 0.0684224 1 1 0
1.91231 0.0685242 0.0685242 1 1 0
1.91551 0.0686257 0.0686257 1 1 0
1.91871 0.0687271 0.0687271 1 1 0
1.9219 0.0688282 0.0688282 1 1 0
1.9251 0.0689292 0.0689292 1 1 0
1.92829 0.0690299 0.0690299 1 1 0
1.93149 0.0691304 0.0691304 1 1 0
1.93468 0.0692306 0.0692306 1 1 0
1.93787 0.0693307 0.0693307 1 1 0
1.94107 0.0694305 0.0694305 1 1 0
1.94426 0.0695302 0.0695302 1 1 0
1.94745 0.0696296 0.0696296 1 1 0
1.95064 0.0697287 0.0697287 1 1 0
1.95383 0.0698277 0.0698277 1 1 0
1.95702 0.0699264 0.0699264 1 1 0
1.96021 0.0700249 0.0700249 1 1 0
1.9634 0.0701232 0.0701232 1 1 0
1.96659 0.0702213 0.0702213 1 1 0
1.96978 0.0703192 0.0703192 1 1 0
1.97297 0.0704168 0.0704168 1 1 0
1.97616 0.0705142 0.0705142 1 1 0
1.97934 0.0706114 0.0706114 1 1 0
1.98253 0.0707084 0.0707084 1 1 0
1.98572 0.0708051 0.0708051 1 1 0
1.9889 0.0709016 0.0709016 1 1 0
1.99209 0.0709979 0.0709979 1 1 0
1.99527 0.071094 0.071094 1 1 0
1.99846 0.0711898 0.0711898 1 1 0
2.00164 0.0712854 0.0712854 1 1 0
2.00482 0.0713808 0.0713808 1 1 0
2.00801 0.071476 0.071476 1 1 0
2.01119 0.0715709 0.0715709 1 1 0
2.01437 0.0716656 0.0716656 1 1 0
2.01755 0.0717601 0.0717601 1 1 0
2.02073 0.0718543 0.0718543 1 1 0
2.02392 0.0719484 0.0719484 1 1 0
2.0271 0.0720422 0.0720422 1 1 0
2.03028 0.0721358 0.0721358 1 1 0
2.03346 0.0722291 0.0722291 1 1 0
2.03663 0.0723222 0.0723222 1 1 0
2.03981 0.0724151 0.0724151 1 1 0
2.04299 0.0725078 0.0725078 1 1 0
2.04617 0.0726002 0.0726002 1 1 0
2.04935 0.0726925 0.0726925 1 1 0
2.05252 0.0727844 0.0727844 1 1 0
2.0557 0.0728762 0.0728762 1 1 0
2.05888 0.0729677 0.0729677 1 1 0
2.06205 0.073059 0.073059 1 1 0
2.06523 0.0731501 0.0731501 1 1 0
2.0684 0.0732409 0.0732409 1 1 0
2.07158 0.0733315 0.0733315 1 1 0
2.07475 0.0734219 0.0734219 1 1 0
2.07792 0.0735121 0.0735121 1 1 0
2.0811 0.073602 0.073602 1 1 0
2.08427 0.0736917 0.0736917 1 1 0
2.08744 0.0737812 0.0737812 1 1 0
2.09061 0.0738704 0.0738704 1 1 0
2.09379 0.0739594 0.0739594 1 1 0
2.09696 0.0740482 0.0740482 1 1 0
2.10013 0.0741368 0.0741368 1 1 0
2.1033 0.0742251 0.0742251 1 1 0
2.10647 0.0743132 0.0743132 1 1 0
2.10964 0.0744011 0.0744011 1 1 0
2.11281 0.0744887 0.0744887 1 1 0
2.11598 0.0745761 0.0745761 1 1 0
2.11914 0.0746633 0.0746633 1 1 0
2.12231 0.0747503 0.0747503 1 1 0
2.12548 0.074837 0.074837 1 1 0
2.12865 0.0749235 0.0749235 1 1 0
2.13181 0.0750097 0.0750097 1 1 0
2.13498 0.0750958 0.0750958 1 1 0
2.13815 0.0751816 0.0751816 1 1 0
2.14131 0.0752672 0.0752672 1 1 0
2.14448 0.0753525 0.0753525 1 1 0
2.14764 0.0754377 0.0754377 1 1 0
2.15081 0.0755226 0.0755226 1 1 0
2.15397 0.0756072 0.0756072 1 1 0
2.15713 0.0756917 0.0756917 1 1 0
2.1603 0.0757759 0.0757759 1 1 0
2.16346 0.0758599 0.0758599 1 1 0
2.16662 0.0759436 0.0759436 1 1 0
2.16979 0.0760272 0.0760272 1 1 0
2.17295 0.0761105 0.0761105 1 1 0
2.17611 0.0761935 0.0761935 1 1 0
2.17927 0.0762764 0.0762764 1 1 0
2.18243 0.076359 0.076359 1 1 0
2.18559 0.0764414 0.0764414 1 1 0
2.18875 0.0765236 0.0765236 1 1 0
2.19191 0.0766055 0.0766055 1 1 0
2.19507 0.0766873 0.0766873 1 1 0
2.19823 0.0767688 0.0767688 1 1 0
2.20139 0.07685 0.07685 1 1 0
2.20455 0.0769311 0.0769311 1 1 0
2.20771 0.0770119 0.0770119 1 1 0
2.21086 0.0770925 0.0770925 1 1 0
2.21402 0.0771729 0.0771729 1 1 0
2.21718 0.077253 0.077253 1 1 0
2.22034 0.0773329 0.0773329 1 1 0
2.22349 0.0774126 0.0774126 1 1 0
2.22665 0.0774921 0.0774921 1 1 0
2.2298 0.0775714 0.0775714 1 1 0
2.23296 0.0776504 0.0776504 1 1 0
2.23611 0.0777292 0.0777292 1 1 0
2.23927 0.0778078 0.0778078 1 1 0
2.24242 0.0778862 0.0778862 1 1 0
2.24558 0.0779643 0.0779643 1 1 0
2.24873 0.0780422 0.0780422 1 1 0
2.25188 0.0781199 0.0781199 1 1 0
2.25504 0.0781974 0.0781974 1 1 0
2.25819 0.0782746 0.0782746 1 1 0
2.26134 0.0783517 0.0783517 1 1 0
2.26449 0.0784285 0.0784285 1 1 0
2.26765 0.0785051 0.0785051 1 1 0
2.2708 0.0785815 0.0785815 1 1 0
2.27395 0.0786576 0.0786576 1 1 0
2.2771 0.0787336 0.0787336 1 1 0
2.28025 0.0788093 0.0788093 1 1 0
2.2834 0.0788848 0.0788848 1 1 0
2.28655 0.0789601 0.0789601 1 1 0
2.2897 0.0790351 0.0790351 1 1 0
2.29285 0.07911 0.07911 1 1 0
2.296 0.0791846 0.0791846 1 1 0
2.29915 0.079259 0.079259 1 1 0
2.30229 0.0793332 0.0793332 1 1 0
2.30544 0.0794072 0.0794072 1 1 0
2.30859 0.079481 0.079481 1 1 0
2.31174 0.0795545 0.0795545 1 1 0
2.31488 0.0796278 0.0796278 1 1 0
2.31803 0.079701 0.079701 1 1 0
2.32118 0.0797739 0.0797739 1 1 0
2.32432 0.0798466 0.0798466 1 1 0
2.32747 0.079919 0.079919 1 1 0
2.33061 0.0799913 0.0799913 1 1 0
2.33376 0.0800634 0.0800634 1 1 0
2.3369 0.0801352 0.0801352 1 1 0
2.34005 0.0802068 0.0802068 1 1 0
2.34319 0.0802783 0.0802783 1 1 0
2.34634 0.0803495 0.0803495 1 1 0
2.34948 0.0804205 0.0804205 1 1 0
2.35262 0.0804912 0.0804912 1 1 0
2.35577 0.0805618 0.0805618 1 1 0
2.35891 0.0806322 0.0806322 1 1 0
2.36205 0.0807023 0.0807023 1 1 0
2.36519 0.0807723 0.0807723 1 1 0
2.36834 0.080842 0.080842 1 1 0
2.37148 0.0809116 0.0809116 1 1 0
2.37462 0.0809809 0.0809809 1 1 0
2.37776 0.08105 0.08105 1 1 0
2.3809 0.0811189 0.0811189 1 1 0
2.38404 0.0811876 0.0811876 1 1 0
2.38718 0.0812561 0.0812561 1 1 0
2.39032 0.0813244 0.0813244 1 1 0
2.39346 0.0813925 0.0813925 1 1 0
2.3966 0.0814604 0.0814604 1 1 0
2.39974 0.0815281 0.0815281 1 1 0
2.40288 0.0815956 0.0815956 1 1 0
2.40602 0.0816629 0.0816629 1 1 0
2.40916 0.0817299 0.0817299 1 1 0
2.41229 0.0817968 0.0817968 1 1 0
2.41543 0.0818635 0.0818635 1 1 0
2.41857 0.0819299 0.0819299 1 1 0
2.42171 0.0819962 0.0819962 1 1 0
2.42484 0.0820623 0.0820623 1 1 0
2.42798 0.0821282 0.0821282 1 1 0
2.43112 0.0821938 0.0821938 1 1 0
2.43425 0.0822593 0.0822593 1 1 0
2.43739 0.0823246 0.0823246 1 1 0
2.44053 0.0823896 0.0823896 1 1 0
2.44366 0.0824545 0.0824545 1 1 0
2.4468 0.0825192 0.0825192 1 1 0
2.44993 0.0825837 0.0825837 1 1 0
2.45307 0.082648 0.082648 1 1 0
2.4562 0.0827121 0.0827121 1 1 0
2.45933 0.082776 0.082776 1 1 0
2.46247 0.0828397 0.0828397 1 1 0
2.4656 0.0829032 0.0829032 1 1 0
2.46874 0.0829665 0.0829665 1 1 0
2.47187 0.0830296 0.0830296 1 1 0
2.475 0.0830925 0.0830925 1 1 0
2.47813 0.0831553 0.0831553 1 1 0
2.48127 0.0832178 0.0832178 1 1 0
2.4844 0.0832801 0.0832801 1 1 0
2.48753 0.0833423 0.0833423 1 1 0
2.49066 0.0834043 0.0834043 1 1 0
2.49379 0.0834661 0.0834661 1 1 0
2.49692 0.0835277 0.0835277 1 1 0
2.50006 0.0835891 0.0835891 1 1 0
2.50319 0.0836503 0.0836503 1 1 0
2.50632 0.0837113 0.0837113 1 1 0
2.50945 0.0837721 0.0837721 1 1 0
2.51258 0.0838328 0.0838328 1 1 0
2.51571 0.0838932 0.0838932 1 1 0
2.51884 0.0839535 0.0839535 1 1 0
2.52197 0.0840136 0.0840136 1 1 0
2.52509 0.0840735 0.0840735 1 1 0
2.52822 0.0841332 0.0841332 1 1 0
2.53135 0.0841928 0.0841928 1 1 0
2.53448 0.0842521 0.0842521 1 1 0
2.53761 0.0843113 0.0843113 1 1 0
2.54074 0.0843703 0.0843703 1 1 0
2.54386 0.0844291 0.0844291 1 1 0
2.54699 0.0844877 0.0844877 1 1 0
2.55012 0.0845462 0.0845462 1 1 0
2.55325 0.0846045 0.0846045 1 1 0
2.55637 0.0846625 0.0846625 1 1 0
2.5595 0.0847204 0.0847204 1 1 0
2.56262 0.0847782 0.0847782 1 1 0
2.56575 0.0848357 0.0848357 1 1 0
2.56888 0.0848931 0.0848931 1 1 0
2.572 0.0849503 0.0849503 1 1 0
2.57513 0.0850073 0.0850073 1 1 0
2.57825 0.0850641 0.0850641 1 1 0
2.58138 0.0851208 0.0851208 1 1 0
2.5845 0.0851773 0.0851773 1 1 0
2.58763 0.0852336 0.0852336 1 1 0
2.59075 0.0852897 0.0852897 1 1 0
2.59387 0.0853457 0.0853457 1 1 0
2.597 0.0854015 0.0854015 1 1 0
2.60012 0.0854571 0.0854571 1 1 0
2.60325 0.0855125 0.0855125 1 1 0
2.60637 0.0855678 0.0855678 1 1 0
2.60949 0.0856229 0.0856229 1 1 0
2.61261 0.0856778 0.0856778 1 1 0
2.61574 0.0857326 0.0857326 1 1 0
2.61886 0.0857872 0.0857872 1 1 0
2.62198 0.0858416 0.0858416 1 1 0
2.6251 0.0858959 0.0858959 1 1 0
2.62823 0.08595 0.08595 1 1 0
2.63135 0.0860039 0.0860039 1 1 0
2.63447 0.0860576 0.0860576 1 1 0
2.63759 0.0861112 0.0861112 1 1 0
2.64071 0.0861646 0.0861646 1 1 0
2.64383 0.0862179 0.0862179 1 1 0
2.64695 0.0862709 0.0862709 1 1 0
2.65007 0.0863238 0.0863238 1 1 0
2.65319 0.0863766 0.0863766 1 1 0
2.65631 0.0864292 0.0864292 1 1 0
2.65943 0.0864816 0.0864816 1 1 0
2.66255 0.0865339 0.0865339 1 1 0
2.66567 0.086586 0.086586 1 1 0
2.66879 0.0866379 0.0866379 1 1 0
2.67191 0.0866897 0.0866897 1 1 0
2.67503 0.0867413 0.0867413 1 1 0
2.67815 0.0867928 0.0867928 1 1 0
2.68126 0.086844 0.086844 1 1 0
2.68438 0.0868952 0.0868952 1 1 0
2.6875 0.0869462 0.0869462 1 1 0
2.69062 0.086997 0.086997 1 1 0
2.69374 0.0870476 0.0870476 1 1 0
2.69685 0.0870981 0.0870981 1 1 0
2.69997 0.0871485 0.0871485 1 1 0
2.70309 0.0871987 0.0871987 1 1 0
2.7062 0.0872487 0.0872487 1 1 0
2.70932 0.0872986 0.0872986 1 1 0
2.71244 0.0873483 0.0873483 1 1 0
2.71555 0.0873979 0.0873979 1 1 0
2.71867 0.0874473 0.0874473 1 1 0
2.72178 0.0874965 0.0874965 1 1 0
2.7249 0.0875456 0.0875456 1 1 0
2.72802 0.0875946 0.0875946 1 1 0
2.73113 0.0876434 0.0876434 1 1 0
2.73425 0.087692 0.087692 1 1 0
2.73736 0.0877405 0.0877405 1 1 0
2.74048 0.0877889 0.0877889 1 1 0
2.74359 0.0878371 0.0878371 1 1 0
2.74671 0.0878851 0.0878851 1 1 0
2.74982 0.087933 0.087933 1 1 0
2.75293 0.0879808 0.0879808 1 1 0
2.75605 0.0880284 0.0880284 1 1 0
2.75916 0.0880758 0.0880758 1 1 0
2.76227 0.0881231 0.0881231 1 1 0
2.76539 0.0881703 0.0881703 1 1 0
2.7685 0.0882173 0.0882173 1 1 0
2.77161 0.0882642 0.0882642 1 1 0
2.77473 0.0883109 0.0883109 1 1 0
2.77784 0.0883575 0.0883575 1 1 0
2.78095 0.0884039 0.0884039 1 1 0
2.78406 0.0884502 0.0884502 1 1 0
2.78718 0.0884963 0.0884963 1 1 0
2.79029 0.0885423 0.0885423 1 1 0
2.7934 0.0885882 0.0885882 1 1 0
2.79651 0.0886339 0.0886339 1 1 0
2.79962 0.0886795 0.0886795 1 1 0
2.80273 0.0887249 0.0887249 1 1 0
2.80585 0.0887702 0.0887702 1 1 0
2.80896 0.0888153 0.0888153 1 1 0
2.81207 0.0888603 0.0888603 1 1 0
2.81518 0.0889052 0.0889052 1 1 0
2.81829 0.0889499 0.0889499 1 1 0
2.8214 0.0889945 0.0889945 1 1 0
2.82451 0.089039 0.089039 1 1 0
2.82762 0.0890833 0.0890833 1 1 0
2.83073 0.0891275 0.0891275 1 1 0
2.83384 0.0891715 0.0891715 1 1 0
2.83695 0.0892155 0.0892155 1 1 0
2.84006 0.0892592 0.0892592 1 1 0
2.84317 0.0893029 0.0893029 1 1 0
2.84627 0.0893464 0.0893464 1 1 0
2.84938 0.0893897 0.0893897 1 1 0
2.85249 0.089433 0.089433 1 1 0
2.8556 0.0894761 0.0894761 1 1 0
2.85871 0.089519 0.089519 1 1 0
2.86182 0.0895619 0.0895619 1 1 0
2.86493 0.0896046 0.0896046 1 1 0
2.86803 0.0896472 0.0896472 1 1 0
2.87114 0.0896896 0.0896896 1 1 0
2.87425 0.0897319 0.0897319 1 1 0
2.87736 0.0897741 0.0897741 1 1 0
2.88046 0.0898161 0.0898161 1 1 0
2.88357 0.0898581 0.0898581 1 1 0
2.88668 0.0898998 0.0898998 1 1 0
2.88978 0.0899415 0.0899415 1 1 0
2.89289 0.089983 0.089983 1 1 0
2.896 0.0900245 0.0900245 1 1 0
2.8991 0.0900657 0.0900657 1 1 0
2.90221 0.0901069 0.0901069 1 1 0
2.90532 0.0901479 0.0901479 1 1 0
2.90842 0.0901888 0.0901888 1 1 0
2.91153 0.0902296 0.0902296 1 1 0
2.91463 0.0902702 0.0902702 1 1 0
2.91774 0.0903108 0.0903108 1 1 0
2.92084 0.0903512 0.0903512 1 1 0
2.92395 0.0903914 0.0903914 1 1 0
2.92705 0.0904316 0.0904316 1 1 0
2.93016 0.0904716 0.0904716 1 1 0
2.93326 0.0905115 0.0905115 1 1 0
2.93637 0.0905513 0.0905513 1 1 0
2.93947 0.090591 0.090591 1 1 0
2.94258 0.0906305 0.0906305 1 1 0
2.94568 0.09067 0.09067 1 1 0
2.94878 0.0907093 0.0907093 1 1 0
2.95189 0.0907484 0.0907484 1 1 0
2.95499 0.0907875 0.0907875 1 1 0
2.9581 0.0908264 0.0908264 1 1 0
2.9612 0.0908653 0.0908653 1 1 0
2.9643 0.090904 0.090904 1 1 0
2.96741 0.0909426 0.0909426 1 1 0
2.97051 0.090981 0.090981 1 1 0
2.97361 0.0910194 0.0910194 1 1 0
2.97671 0.0910576 0.0910576 1 1 0
2.97982 0.0910957 0.0910957 1 1 0
2.98292 0.0911338 0.0911338 1 1 0
2.98602 0.0911716 0.0911716 1 1 0
2.98912 0.0912094 0.0912094 1 1 0
2.99223 0.0912471 0.0912471 1 1 0
2.99533 0.0912846 0.0912846 1 1 0
2.99843 0.091322 0.091322 1 1 0
3.00153 0.0913594 0.0913594 1 1 0
0.316924 0.0465804 0.0465804 4 3 0
0.316922 0.0468164 0.0463495 3 3 0
0.316922 0.0467884 0.0463763 4 3 0
0.316855 0.0477866 0.045501 4 3 0
0.316408 0.0500934 0.0439676 4 3 0
0.315108 0.0536195 0.042429 4 3 0
0.312775 0.0576498 0.0413256 4 3 0
0.309697 0.0615276 0.0406167 4 3 0
0.306332 0.0650173 0.0401254 4 3 0
0.302855 0.0682795 0.039707 4 3 0
0.299338 0.0714883 0.0392801 4 3 0
0.295835 0.07479 0.0387854 4 3 0
0.292405 0.0783425 0.0381646 4 3 0
0.289142 0.0823441 0.0373524 4 3 0
0.286202 0.0870326 0.036273 4 3 0
0.283825 0.0925988 0.0348786 4 3 0
0.282216 0.0989482 0.0332453 4 3 0
0.281316 0.105719 0.0315429 4 3 0
0.280875 0.112684 0.0298864 4 3 0
0.280676 0.11982 0.0283102 4 3 0
0.280593 0.127125 0.0268194 4 3 0
0.28056 0.134642 0.025408 4 3 0
0.280548 0.14239 0.0240697 4 3 0
0.280544 0.150435 0.0227976 4 3 0
0.280543 0.158867 0.0215848 4 3 0
0.280542 0.167841 0.0204245 4 3 0
0.280542 0.177631 0.0193129 4 3 0
0.280542 0.188734 0.0182461 4 3 0
0.280542 0.202291 0.0172262 4 3 0
0.280542 0.220994 0.0162746 4 3 0
0.280542 0.248225 0.0154978 4 3 0
0.280542 0.273786 0.0150045 4 3 0
0.280542 0.293704 0.0146512 4 3 0
0.280542 0.310683 0.0143565 4 3 0
0.280542 0.313511 0.0143086 3 3 0
0.280542 0.32821 0.0140621 3 3 0
0.280542 0.342216 0.0138346 3 3 0
0.280544 0.35525 0.0136303 3 3 0
0.280554 0.367345 0.0134471 3 3 0
0.280617 0.378277 0.0132853 3 3 0
0.280926 0.387798 0.0131344 3 3 0
0.281947 0.3953 0.0129752 3 3 0
0.283939 0.400627 0.012795 3 3 0
0.286529 0.404275 0.0126057 3 3 0
0.289419 0.40718 0.0124128 3 3 0
0.292489 0.409598 0.0122176 3 3 0
0.295678 0.411827 0.0120231 3 3 0
0.298952 0.413875 0.0118264 3 3 0
0.302291 0.415917 0.0116315 3 3 0
0.30568 0.417845 0.0114359 3 3 0
0.309112 0.419885 0.0112421 3 3 0
0.312579 0.421873 0.0110486 3 3 0
0.316076 0.423833 0.0108553 3 3 0
0.319598 0.425912 0.0106648 3 3 0
0.323142 0.427974 0.0104736 3 3 0
0.326706 0.430041 0.0102838 3 3 0
0.330287 0.432233 0.010096 3 3 0
0.333883 0.434378 0.00990921 3 3 0
0.337492 0.436631 0.00972253 3 3 0
0.341113 0.438854 0.00953816 3 3 0
0.344743 0.441158 0.00935531 3 3 0
0.348382 0.443418 0.00917238 3 3 0
0.352028 0.44585 0.00899148 3 3 0
0.355681 0.448255 0.00881174 3 3 0
0.359339 0.450675 0.00863391 3 3 0
0.363002 0.453079 0.00845607 3 3 0
0.366669 0.455548 0.00828035 3 3 0
0.370339 0.458114 0.00810503 3 3 0
0.374012 0.460681 0.00793066 3 3 0
0.377687 0.46324 0.00775807 3 3 0
0.381364 0.465789 0.00758612 3 3 0
0.385043 0.468386 0.00741464 3 3 0
0.388723 0.471052 0.00724494 3 3 0
0.392403 0.473743 0.00707504 3 3 0
0.396085 0.476417 0.0069058 3 3 0
0.399766 0.479108 0.00673743 3 3 0
0.403448 0.481841 0.00656964 3 3 0
0.40713 0.484559 0.00640212 3 3 0
0.410812 0.487267 0.00623336 3 3 0
0.414495 0.49009 0.00606537 3 3 0
0.418177 0.492895 0.00589709 3 3 0
0.421859 0.495698 0.00572789 3 3 0
0.42554 0.49849 0.00555811 3 3 0
0.429221 0.501265 0.00538737 3 3 0
0.432902 0.504158 0.00521505 3 3 0
0.436581 0.506955 0.00504149 3 3 0
0.440258 0.509913 0.00486664 3 3 0
0.443931 0.512833 0.00469045 3 3 0
0.4476 0.515753 0.00451358 3 3 0
0.451263 0.518642 0.00433666 3 3 0
0.454917 0.52158 0.00415991 3 3 0
0.458561 0.524495 0.00398553 3 3 0
0.462193 0.527369 0.00381535 3 3 0
0.465813 0.530334 0.00365132 3 3 0
0.46942 0.533194 0.00349542 3 3 0
0.473016 0.536129 0.00334945 3 3 0
0.476602 0.5391 0.00321508 3 3 0
0.480179 0.542098 0.00309275 3 3 0
0.483751 0.545054 0.00298096 3 3 0
0.487317 0.548004 0.00288189 3 3 0
0.49088 0.550916 0.00279515 3 3 0
0.494439 0.55388 0.00271647 3 3 0
0.497995 0.556854 0.00264822 3 3 0
0.501549 0.559835 0.00258908 3 3 0
0.505101 0.562901 0.0025369 3 3 0
0.50865 0.565916 0.00249127 3 3 0
0.512197 0.568878 0.00245016 3 3 0
0.515741 0.571837 0.00241554 3 3 0
0.519283 0.574885 0.00238434 3 3 0
0.522822 0.57794 0.00235652 3 3 0
0.526358 0.581057 0.00233344 3 3 0
0.529891 0.58411 0.00231152 3 3 0
0.533421 0.587106 0.00229222 3 3 0
0.536948 0.590153 0.00227519 3 3 0
0.540471 0.593205 0.00226076 3 3 0
0.543991 0.596371 0.00224815 3 3 0
0.547507 0.599509 0.00223638 3 3 0
0.55102 0.602466 0.00222756 3 3 0
0.554528 0.605579 0.00222045 3 3 0
0.558033 0.608763 0.00221594 3 3 0
0.561533 0.611936 0.00221441 3 3 0
0.565029 0.615049 0.00221368 3 3 0
0.568521 0.61814 0.00221484 3 3 0
0.572008 0.621285 0.00221835 3 3 0
0.575491 0.624435 0.00222155 3 3 0
0.57897 0.627563 0.00222578 3 3 0
0.582443 0.630697 0.00223081 3 3 0
0.585912 0.633802 0.00223551 3 3 0
0.589376 0.636887 0.00224076 3 3 0
0.592835 0.640075 0.00224548 3 3 0
0.59629 0.643284 0.00224995 3 3 0
0.599739 0.646471 0.00225463 3 3 0
0.603183 0.649629 0.00225882 3 3 0
0.606622 0.652808 0.00226275 3 3 0
0.610056 0.655967 0.00226696 3 3 0
0.613485 0.659152 0.00227016 3 3 0
0.616908 0.662324 0.00227374 3 3 0
0.620326 0.665478 0.00227704 3 3 0
0.623739 0.668622 0.00227971 3 3 0
0.627147 0.671743 0.00228321 3 3 0
0.630549 0.674914 0.00228536 3 3 0
0.633946 0.678259 0.00228784 3 3 0
0.637337 0.681447 0.00229038 3 3 0
0.640723 0.684617 0.00229329 3 3 0
0.644104 0.687801 0.00229466 3 3 0
0.647479 0.691035 0.00229763 3 3 0
0.650848 0.694251 0.00229819 3 3 0
0.654212 0.697367 0.00230029 3 3 0
0.65757 0.700623 0.00230115 3 3 0
0.660923 0.703861 0.00230321 3 3 0
0.66427 0.706975 0.00230533 3 3 0
0.667612 0.710241 0.00230545 3 3 0
0.670948 0.713489 0.00230694 3 3 0
0.674279 0.716676 0.00230805 3 3 0
0.677604 0.719925 0.0023098 3 3 0
0.680923 0.723157 0.00231095 3 3 0
0.684237 0.726376 0.0023116 3 3 0
0.687545 0.729581 0.00231345 3 3 0
0.690848 0.73277 0.002314 3 3 0
0.694145 0.736011 0.00231569 3 3 0
0.697437 0.739194 0.00231551 3 3 0
0.700723 0.742361 0.00231563 3 3 0
0.704003 0.745652 0.00231903 3 3 0
0.707278 0.748919 0.00231698 3 3 0
0.710547 0.752171 0.00231694 3 3 0
0.713811 0.755402 0.00232215 3 3 0
0.71707 0.758636 0.00231969 3 3 0
0.720322 0.761853 0.00231912 3 3 0
0.72357 0.76492 0.00232051 3 3 0
0.726812 0.76822 0.00232055 3 3 0
0.730048 0.771504 0.00232211 3 3 0
0.733279 0.774716 0.00232178 3 3 0
0.736505 0.777892 0.00232217 3 3 0
0.739725 0.781054 0.002324 3 3 0
0.742939 0.784501 0.00232362 3 3 0
0.746149 0.787723 0.00232319 3 3 0
0.749353 0.790931 0.00232446 3 3 0
0.752552 0.794082 0.00232482 3 3 0
0.755745 0.79725 0.00232452 3 3 0
0.758933 0.800404 0.0023259 3 3 0
0.762116 0.803797 0.00232531 3 3 0
0.765294 0.806968 0.00232581 3 3 0
0.768466 0.810125 0.00232779 3 3 0
0.771633 0.813421 0.00232766 3 3 0
0.774795 0.816574 0.00232527 3 3 0
0.777952 0.819888 0.00232527 3 3 0
0.781104 0.823043 0.00232502 3 3 0
0.784251 0.826361 0.00232629 3 3 0
0.787392 0.829672 0.00232887 3 3 0
0.790529 0.832763 0.00232592 3 3 0
0.793661 0.83606 0.00232808 3 3 0
0.796787 0.839373 0.00233129 3 3 0
0.799909 0.84276 0.00233054 3 3 0
0.803026 0.846015 0.00233196 3 3 0
0.806137 0.849256 0.00232888 3 3 0
0.809244 0.852417 0.00233236 3 3 0
0.812346 0.855694 0.00233196 3 3 0
0.815444 0.858957 0.00232935 3 3 0
0.818536 0.862077 0.00233002 3 3 0
0.821624 0.86525 0.00232951 3 3 0
0.824707 0.86841 0.00233095 3 3 0
0.827785 0.871907 0.00233093 3 3 0
0.830859 0.875156 0.00233026 3 3 0
0.833928 0.878392 0.00233162 3 3 0
0.836992 0.881431 0.002331 3 3 0
0.840052 0.88459 0.00233284 3 3 0
0.843107 0.887736 0.00233155 3 3 0
0.846158 0.891312 0.00233312 3 3 0
0.849205 0.894566 0.0023326 3 3 0
0.852246 0.897808 0.00233272 3 3 0
0.855284 0.900982 0.00233402 3 3 0
0.858317 0.904172 0.00233316 3 3 0
0.861345 0.907349 0.00233441 3 3 0
0.86437 0.910654 0.00233398 3 3 0
0.86739 0.913834 0.00233462 3 3 0
0.870406 0.917002 0.00233545 3 3 0
0.873417 0.92006 0.00233547 3 3 0
0.876424 0.923317 0.00233652 3 3 0
0.879428 0.926634 0.00233492 3 3 0
0.882427 0.929829 0.00233738 3 3 0
0.885422 0.933139 0.0023361 3 3 0
0.888413 0.936436 0.00233715 3 3 0
0.891399 0.939765 0.00233755 3 3 0
0.894382 0.943028 0.00233701 3 3 0
0.897361 0.946279 0.00233853 3 3 0
0.900336 0.949153 0.00233801 3 3 0
0.903307 0.952466 0.00233857 3 3 0
0.906274 0.955767 0.00233731 3 3 0
0.909237 0.959119 0.00233987 3 3 0
0.912196 0.962383 0.00233849 3 3 0
0.915152 0.965636 0.00233603 3 3 0
0.918104 0.968749 0.00233514 3 3 0
0.921052 0.972022 0.00233566 3 3 0
0.923996 0.975285 0.00233795 3 3 0
0.926937 0.978554 0.00234045 3 3 0
0.929873 0.981765 0.00233721 3 3 0
0.932807 0.984966 0.0023372 3 3 0
0.935737 0.988228 0.00233643 3 3 0
0.938663 0.991444 0.00233754 3 3 0
0.941586 0.99465 0.00234019 3 3 0
0.944505 0.99786 0.00233686 3 3 0
0.947421 1.00105 0.00233847 3 3 0
0.950333 1.00423 0.0023414 3 3 0
0.953242 1.0075 0.00233764 3 3 0
0.956148 1.01068 0.0023393 3 3 0
0.95905 1.01385 0.00234225 3 3 0
0.961949 1.01696 0.00233883 3 3 0
0.964845 1.02014 0.00234193 3 3 0
0.967737 1.02343 0.00234573 3 3 0
0.970627 1.02662 0.00234616 3 3 0
0.973514 1.0299 0.00234834 3 3 0
0.976396 1.03317 0.00234421 3 3 0
0.979276 1.03651 0.00233933 3 3 0
0.982153 1.03973 0.00234266 3 3 0
0.985026 1.04293 0.00234659 3 3 0
0.987897 1.04586 0.00234561 3 3 0
0.990764 1.04915 0.00235035 3 3 0
0.993628 1.05242 0.00234718 3 3 0
0.996489 1.05559 0.00234781 3 3 0
0.999348 1.05874 0.00235283 3 3 0
1.0022 1.06191 0.00234769 3 3 0
1.00506 1.06529 0.00234811 3 3 0
1.00791 1.06844 0.00235319 3 3 0
1.01075 1.07158 0.00234917 3 3 0
1.0136 1.07489 0.00235034 3 3 0
1.01644 1.07815 0.0023483 3 3 0
1.01928 1.0814 0.0023491 3 3 0
1.02211 1.08457 0.00234977 3 3 0
1.02495 1.08781 0.00234959 3 3 0
1.02778 1.09105 0.00235083 3 3 0
1.0306 1.09401 0.00235165 3 3 0
1.03343 1.09718 0.00235052 3 3 0
1.03625 1.10045 0.00235179 3 3 0
1.03907 1.10363 0.00235603 3 3 0
1.04189 1.10678 0.00235216 3 3 0
1.0447 1.11005 0.00235188 3 3 0
1.04752 1.1132 0.00235488 3 3 0
1.05033 1.11647 0.00235279 3 3 0
1.05313 1.11973 0.00235351 3 3 0
1.05594 1.12285 0.00235601 3 3 0
1.05874 1.12598 0.00235392 3 3 0
1.06154 1.12923 0.00235465 3 3 0
1.06434 1.13258 0.00235776 3 3 0
1.06713 1.13572 0.00235517 3 3 0
1.06993 1.13886 0.0023556 3 3 0
1.07272 1.14222 0.00235845 3 3 0
1.07551 1.14537 0.00235626 3 3 0
1.07829 1.14851 0.00235694 3 3 0
1.08108 1.15189 0.00236811 3 3 0
1.08386 1.15508 0.00236087 3 3 0
1.08664 1.15827 0.00235779 3 3 0
1.08942 1.16146 0.00236104 3 3 0
1.09219 1.16464 0.00235869 3 3 0
1.09497 1.16781 0.0023593 3 3 0
1.09774 1.17075 0.00235997 3 3 0
1.10051 1.17387 0.00236106 3 3 0
1.10327 1.17712 0.00236033 3 3 0
1.10604 1.1806 0.00236282 3 3 0
1.1088 1.1838 0.00236119 3 3 0
1.11156 1.18699 0.00236215 3 3 0
1.11432 1.19015 0.00236262 3 3 0
1.11708 1.19332 0.00236307 3 3 0
1.11984 1.19647 0.00236303 3 3 0
1.12259 1.19972 0.00236392 3 3 0
1.12534 1.20288 0.00236458 3 3 0
1.12809 1.20604 0.00236419 3 3 0
1.13084 1.20894 0.00237408 3 3 0
1.13359 1.21219 0.0023669 3 3 0
1.13633 1.21544 0.00236495 3 3 0
1.13908 1.21858 0.00236646 3 3 0
1.14182 1.22169 0.00236674 3 3 0
1.14456 1.2248 0.00236682 3 3 0
1.14729 1.22836 0.00236805 3 3 0
1.15003 1.23155 0.00236885 3 3 0
1.15277 1.23472 0.00236801 3 3 0
1.1555 1.23765 0.00236958 3 3 0
1.15823 1.24088 0.0023695 3 3 0
1.16096 1.24411 0.00236976 3 3 0
1.16369 1.24723 0.0023713 3 3 0
1.16641 1.25046 0.00237043 3 3 0
1.16914 1.25368 0.00237159 3 3 0
1.17186 1.25694 0.00237211 3 3 0
1.17458 1.26012 0.002373 3 3 0
1.1773 1.26328 0.00237194 3 3 0
1.18002 1.26645 0.00237494 3 3 0
1.18274 1.26962 0.00237348 3 3 0
1.18546 1.27279 0.00237385 3 3 0
1.18817 1.2754 0.00237582 3 3 0
1.19088 1.27866 0.00237498 3 3 0
1.1936 1.2819 0.00237581 3 3 0
1.19631 1.28519 0.00237788 3 3 0
1.19901 1.28828 0.00237612 3 3 0
1.20172 1.29137 0.00237706 3 3 0
1.20443 1.29493 0.00238485 3 3 0
1.20713 1.29807 0.00237889 3 3 0
1.20984 1.3012 0.00237749 3 3 0
1.21254 1.30441 0.00238274 3 3 0
1.21524 1.30758 0.00238294 3 3 0
1.21794 1.31074 0.00237662 3 3 0
1.22064 1.31359 0.00238271 3 3 0
1.22334 1.31667 0.00238547 3 3 0
1.22604 1.31974 0.00238161 3 3 0
1.22873 1.32311 0.00238367 3 3 0
1.23142 1.32632 0.00238264 3 3 0
1.23412 1.32952 0.00238386 3 3 0
1.23681 1.33248 0.00238582 3 3 0
1.2395 1.3357 0.00238506 3 3 0
1.24219 1.33891 0.00238374 3 3 0
1.24488 1.34224 0.00238664 3 3 0
1.24757 1.34536 0.00238583 3 3 0
1.25025 1.34848 0.00238513 3 3 0
1.25294 1.35162 0.00238679 3 3 0
1.25562 1.35479 0.00238683 3 3 0
1.25831 1.35795 0.00238829 3 3 0
1.26099 1.36072 0.00237588 3 3 0
1.26367 1.36393 0.002378 3 3 0
1.26635 1.36713 0.00238143 3 3 0
1.26903 1.37042 0.00237731 3 3 0
1.27171 1.37351 0.00238002 3 3 0
1.27439 1.37659 0.00238364 3 3 0
1.27706 1.37983 0.0023791 3 3 0
1.27974 1.38292 0.00238245 3 3 0
1.28241 1.38599 0.00238624 3 3 0
1.28509 1.38932 0.00239548 3 3 0
1.28776 1.39243 0.002396 3 3 0
1.29043 1.39554 0.00239058 3 3 0
1.2931 1.39861 0.00239817 3 3 0
1.29577 1.40176 0.00239386 3 3 0
1.29844 1.40491 0.00239129 3 3 0
1.30111 1.40805 0.00239748 3 3 0
1.30378 1.41118 0.00239641 3 3 0
1.30645 1.41429 0.00239681 3 3 0
1.30912 1.41726 0.00239959 3 3 0
1.31178 1.42032 0.00239955 3 3 0
1.31445 1.42337 0.00239796 3 3 0
1.31711 1.4262 0.00239127 3 3 0
1.31978 1.4294 0.00240139 3 3 0
1.32244 1.43258 0.00240635 3 3 0
1.3251 1.43585 0.00240609 3 3 0
1.32776 1.4389 0.00240173 3 3 0
1.33042 1.44193 0.00240127 3 3 0
1.33308 1.44535 0.0024053 3 3 0
1.33574 1.44846 0.00241287 3 3 0
1.3384 1.45155 0.00240554 3 3 0
1.34106 1.45441 0.00241101 3 3 0
1.34372 1.45755 0.00240614 3 3 0
1.34638 1.46068 0.0024052 3 3 0
1.34903 1.46387 0.00241288 3 3 0
1.35169 1.46693 0.00241428 3 3 0
1.35434 1.46997 0.00241004 3 3 0
1.357 1.47291 0.002418 3 3 0
1.35965 1.47594 0.00241149 3 3 0
1.3623 1.47895 0.00240943 3 3 0
1.36496 1.48232 0.00241596 3 3 0
1.36761 1.48536 0.00241629 3 3 0
1.37026 1.48839 0.00241222 3 3 0
1.37291 1.49153 0.00242064 3 3 0
1.37556 1.49457 0.00241479 3 3 0
1.37821 1.49759 0.00241313 3 3 0
1.38086 1.50054 0.00241043 3 3 0
1.38351 1.50365 0.00241856 3 3 0
1.38616 1.50674 0.00241946 3 3 0
1.38881 1.50985 0.00242053 3 3 0
1.39146 1.51286 0.00242145 3 3 0
1.3941 1.51586 0.00241735 3 3 0
1.39675 1.51891 0.00240833 3 3 0
1.39939 1.52198 0.00241828 3 3 0
1.40204 1.52504 0.00242468 3 3 0
1.40468 1.52812 0.00241935 3 3 0
1.40733 1.53114 0.00242643 3 3 0
1.40997 1.53415 0.00242262 3 3 0
1.41262 1.53688 0.00241145 3 3 0
1.41526 1.53982 0.00242213 3 3 0
1.4179 1.54275 0.00242881 3 3 0
1.42054 1.54613 0.00241183 3 3 0
1.42318 1.54916 0.00242254 3 3 0
1.42583 1.55219 0.00242918 3 3 0
1.42847 1.55521 0.00241504 3 3 0
1.43111 1.55819 0.00242507 3 3 0
1.43375 1.56116 0.00243143 3 3 0
1.43638 1.56415 0.00242027 3 3 0
1.43902 1.56714 0.00242939 3 3 0
1.44166 1.57011 0.00243519 3 3 0
1.4443 1.57304 0.00240597 3 3 0
1.44694 1.57598 0.00242099 3 3 0
1.44957 1.5789 0.00242945 3 3 0
1.45221 1.58153 0.0024067 3 3 0
1.45484 1.58454 0.0024206 3 3 0
1.45748 1.58754 0.00242874 3 3 0
1.46011 1.59062 0.00243716 3 3 0
1.46275 1.59351 0.00243722 3 3 0
1.46538 1.59639 0.00243902 3 3 0
1.46801 1.5994 0.00243901 3 3 0
1.47065 1.60227 0.00244016 3 3 0
1.47328 1.60512 0.00244262 3 3 0
1.47591 1.60821 0.00244162 3 3 0
1.47854 1.61108 0.00244437 3 3 0
1.48117 1.61393 0.00244195 3 3 0
1.4838 1.61676 0.00244412 3 3 0
1.48643 1.61959 0.00244493 3 3 0
1.48906 1.6224 0.00244712 3 3 0
1.49169 1.62547 0.00244716 3 3 0
1.49431 1.6283 0.0024505 3 3 0
1.49694 1.63111 0.00244581 3 3 0
1.49956 1.63346 0.00244856 3 3 0
1.50219 1.63621 0.00245159 3 3 0
1.50481 1.63894 0.0024528 3 3 0
1.50743 1.64202 0.00245421 3 3 0
1.51005 1.64474 0.00245398 3 3 0
1.51267 1.64744 0.00245575 3 3 0
1.51529 1.65051 0.00245623 3 3 0
1.51791 1.65331 0.00246392 3 3 0
1.52053 1.6561 0.00245969 3 3 0
1.52314 1.65897 0.00246225 3 3 0
1.52576 1.66168 0.00246146 3 3 0
1.52837 1.66438 0.0024607 3 3 0
1.53098 1.66708 0.00243039 3 3 0
1.53359 1.66975 0.00245438 3 3 0
1.5362 1.6724 0.00246603 3 3 0
1.53881 1.67446 0.00247377 3 3 0
1.54141 1.67717 0.00247183 3 3 0
1.54402 1.67986 0.00246839 3 3 0
1.54662 1.68282 0.00245657 3 3 0
1.54922 1.68544 0.00247072 3 3 0
1.55181 1.68803 0.00247841 3 3 0
1.55441 1.69062 0.002471 3 3 0
1.557 1.69314 0.00247992 3 3 0
1.55959 1.69563 0.00247905 3 3 0
1.56217 1.69789 0.00248352 3 3 0
1.56476 1.7004 0.00248437 3 3 0
1.56734 1.70287 0.00248132 3 3 0
1.56991 1.70535 0.00247155 3 3 0
1.57248 1.70775 0.00248444 3 3 0
1.57505 1.71013 0.002492 3 3 0
1.57761 1.71179 0.00245363 3 3 0
1.58017 1.71416 0.00247729 3 3 0
1.58272 1.71649 0.00248866 3 3 0
1.58527 1.71908 0.00248323 3 3 0
1.58781 1.72129 0.00249442 3 3 0
1.59035 1.72346 0.0025006 3 3 0
1.59287 1.72536 0.0025008 3 3 0
1.59539 1.72746 0.00250075 3 3 0
1.5979 1.7295 0.00250141 3 3 0
1.6004 1.73113 0.0025104 3 3 0
1.60289 1.73308 0.00250826 3 3 0
1.60537 1.73497 0.0025092 3 3 0
1.60783 1.73707 0.00251031 3 3 0
1.61028 1.73874 0.00251537 3 3 0
1.61271 1.74032 0.00251257 3 3 0
1.61513 1.74182 0.00251776 3 3 0
1.61752 1.74322 0.0025219 3 3 0
1.6199 1.74451 0.0025248 3 3 0
1.62224 1.74549 0.00252966 3 3 0
1.62456 1.74653 0.00253041 3 3 0
1.62684 1.74744 0.00253411 3 3 0
1.62909 1.74886 0.00254594 3 3 0
1.63129 1.74948 0.00254399 3 3 0
1.63344 1.74992 0.00254551 3 3 0
1.63554 1.74984 0.00254709 3 3 0
1.63756 1.74985 0.00255899 3 3 0
1.6395 1.74957 0.00256022 3 3 0
1.64135 1.74922 0.00252055 3 3 0
1.64309 1.74824 0.0025518 3 3 0
1.64469 1.74685 0.00256872 3 3 0
1.64613 1.74485 0.00256131 3 3 0
1.64739 1.74244 0.00258058 3 3 0
1.64843 1.73944 0.00259423 3 3 0
1.64922 1.73549 0.00255968 3 3 0
1.64973 1.73114 0.00258622 3 3 0
1.64995 1.72609 0.00260501 3 3 0
1.64996 1.72516 0.00258874 4 3 0
1.6498 1.71938 0.00261311 4 3 0
1.64934 1.71296 0.00263118 4 3 0
1.6486 1.7061 0.0024466 4 3 0
1.64759 1.69859 0.00247683 4 3 0
1.64635 1.69066 0.00249247 4 3 0
1.6449 1.68205 0.00261763 4 3 0
1.64328 1.67363 0.00263162 4 3 0
1.64152 1.66498 0.00265049 4 3 0
1.63962 1.65641 0.00272418 4 3 0
1.63761 1.64731 0.00272408 4 3 0
1.63551 1.63808 0.0027255 4 3 0
1.63333 1.62882 0.0027638 4 3 0
1.63108 1.61939 0.00277533 4 3 0
1.62876 1.60988 0.00278734 4 3 0
1.62639 1.60047 0.00281522 4 3 0
1.62398 1.59094 0.00282739 4 3 0
1.62152 1.58136 0.00283741 4 3 0
1.61903 1.57141 0.00283541 4 3 0
1.6165 1.56181 0.00284681 4 3 0
1.61395 1.55218 0.0028623 4 3 0
1.61137 1.54219 0.00290634 4 3 0
1.60877 1.53254 0.00291874 4 3 0
1.60614 1.52288 0.00292961 4 3 0
1.60349 1.51331 0.00292154 4 3 0
1.60083 1.50349 0.00290587 4 3 0
1.59815 1.49365 0.00286228 4 3 0
1.59546 1.48357 0.0029101 4 3 0
1.59275 1.47391 0.0029243 4 3 0
1.59003 1.46424 0.00296197 4 3 0
1.5873 1.45465 0.00303965 4 3 0
1.58456 1.44482 0.00305805 4 3 0
1.58181 1.43498 0.00307609 4 3 0
1.57904 1.42508 0.00307415 4 3 0
1.57627 1.41544 0.003077 4 3 0
1.57349 1.40579 0.00307059 4 3 0
1.57071 1.39629 0.00313885 4 3 0
1.56792 1.38657 0.00315754 4 3 0
1.56512 1.37684 0.00318311 4 3 0
1.56231 1.36699 0.00318046 4 3 0
1.5595 1.35722 0.00319497 4 3 0
1.55668 1.34745 0.00321729 4 3 0
1.55385 1.33815 0.00324864 4 3 0
1.55102 1.32852 0.00327383 4 3 0
1.54819 1.31887 0.00329066 4 3 0
1.54535 1.3091 0.00330873 4 3 0
1.54251 1.29957 0.00333178 4 3 0
1.53966 1.29004 0.00335997 4 3 0
1.53681 1.28034 0.00337007 4 3 0
1.53395 1.27086 0.00338742 4 3 0
1.53109 1.26138 0.00340629 4 3 0
1.52823 1.25178 0.00342943 4 3 0
1.52536 1.24218 0.00344942 4 3 0
1.52249 1.23257 0.00346889 4 3 0
1.51962 1.22322 0.00348991 4 3 0
1.51674 1.21365 0.00351323 4 3 0
1.51386 1.20407 0.00353541 4 3 0
1.51098 1.19483 0.00354786 4 3 0
1.5081 1.18554 0.00355275 4 3 0
1.50521 1.17624 0.00354644 4 3 0
1.50232 1.16692 0.00362719 4 3 0
1.49943 1.1575 0.00365501 4 3 0
1.49653 1.14806 0.00365609 4 3 0
1.49363 1.13895 0.00368355 4 3 0
1.49073 1.12967 0.00372118 4 3 0
1.48783 1.12038 0.00373981 4 3 0
1.48492 1.11111 0.00375935 4 3 0
1.48202 1.10181 0.00378669 4 3 0
1.47911 1.09248 0.00381251 4 3 0
1.4762 1.08342 0.00381805 4 3 0
1.47329 1.07415 0.00383466 4 3 0
1.47037 1.06485 0.00385198 4 3 0
1.46746 1.05592 0.00391333 4 3 0
1.46454 1.0467 0.00394459 4 3 0
1.46162 1.03744 0.00396611 4 3 0
1.4587 1.02862 0.00398745 4 3 0
1.45578 1.01953 0.00400565 4 3 0
1.45285 1.0104 0.00402285 4 3 0
1.44993 1.00129 0.00407029 4 3 0
1.447 0.992097 0.00410377 4 3 0
1.44407 0.983154 0.00413132 4 3 0
1.44115 0.974412 0.00414971 4 3 0
1.43822 0.965382 0.00417927 4 3 0
1.43528 0.956301 0.00421648 4 3 0
1.43235 0.947528 0.00424226 4 3 0
1.42942 0.938605 0.00427046 4 3 0
1.42648 0.929624 0.00430289 4 3 0
1.42355 0.920719 0.00432479 4 3 0
1.42061 0.91168 0.00436522 4 3 0
1.41768 0.902627 0.00439783 4 3 0
1.41474 0.894089 0.00442235 4 3 0
1.4118 0.885353 0.00445674 4 3 0
1.40886 0.876541 0.00448703 4 3 0
1.40592 0.867702 0.00451417 4 3 0
1.40299 0.858938 0.00454012 4 3 0
1.40005 0.850087 0.00456888 4 3 0
1.39711 0.841372 0.00462272 4 3 0
1.39416 0.8326 0.00465807 4 3 0
1.39122 0.823726 0.00468624 4 3 0
1.38828 0.815064 0.00472493 4 3 0
1.38534 0.806144 0.00475378 4 3 0
1.3824 0.797598 0.00478601 4 3 0
1.37946 0.788844 0.00483798 4 3 0
1.37652 0.780241 0.00487351 4 3 0
1.37358 0.771505 0.00491071 4 3 0
1.37063 0.762678 0.00494589 4 3 0
1.36769 0.754137 0.00497813 4 3 0
1.36475 0.745444 0.00501501 4 3 0
1.36181 0.736667 0.00507162 4 3 0
1.35887 0.72808 0.00511516 4 3 0
1.35593 0.719378 0.00515201 4 3 0
1.35299 0.710722 0.00518976 4 3 0
1.35006 0.701963 0.00523104 4 3 0
1.34712 0.693244 0.00528128 4 3 0
1.34418 0.684629 0.00532099 4 3 0
1.34124 0.675901 0.00536884 4 3 0
1.33831 0.667224 0.00540983 4 3 0
1.33537 0.658414 0.00545747 4 3 0
1.33244 0.649793 0.00549977 4 3 0
1.3295 0.64095 0.00554953 4 3 0
1.32657 0.632242 0.00559298 4 3 0
1.32364 0.623535 0.00564807 4 3 0
1.32071 0.614681 0.00570816 4 3 0
1.31778 0.605956 0.00573826 4 3 0
1.31485 0.597162 0.0058017 4 3 0
1.31193 0.588372 0.0058505 4 3 0
1.309 0.579557 0.00589652 4 3 0
1.30608 0.570774 0.00594912 4 3 0
1.30316 0.561966 0.00600473 4 3 0
1.30024 0.553213 0.00605717 4 3 0
1.29732 0.54443 0.00612142 4 3 0
1.2944 0.535759 0.00618489 4 3 0
1.29148 0.527094 0.00622538 4 3 0
1.28857 0.518483 0.00629502 4 3 0
1.28565 0.509998 0.0063519 4 3 0
1.28274 0.501588 0.00640691 4 3 0
1.27984 0.493273 0.00647616 4 3 0
1.27693 0.485069 0.00653625 4 3 0
1.27402 0.476979 0.0065988 4 3 0
1.27112 0.469029 0.00666418 4 3 0
1.26822 0.461217 0.00673049 4 3 0
1.26532 0.453503 0.00679775 4 3 0
1.26243 0.445971 0.006881 4 3 0
1.25953 0.438592 0.00693954 4 3 0
1.25664 0.431426 0.00701111 4 3 0
1.25375 0.424351 0.00708525 4 3 0
1.25086 0.417428 0.0071602 4 3 0
1.24798 0.410653 0.00723492 4 3 0
1.2451 0.404043 0.00732345 4 3 0
1.24222 0.397586 0.0073953 4 3 0
1.23935 0.391256 0.00747856 4 3 0
1.23651 0.385138 0.007555 4 3 0
1.2337 0.3792 0.00763651 4 3 0
1.23094 0.373376 0.00771598 4 3 0
1.22821 0.367807 0.00780101 4 3 0
1.22553 0.362404 0.00787691 4 3 0
1.2229 0.357182 0.00795849 4 3 0
1.22029 0.352054 0.00803771 4 3 0
1.21772 0.34704 0.00812013 4 3 0
1.21517 0.34213 0.00819545 4 3 0
1.21265 0.337304 0.00827564 4 3 0
1.21015 0.332558 0.00835983 4 3 0
1.20766 0.327858 0.0084382 4 3 0
1.20519 0.323241 0.00851935 4 3 0
1.20273 0.318684 0.00860298 4 3 0
1.20028 0.314191 0.00868636 4 3 0
1.19785 0.309744 0.00877346 4 3 0
1.19542 0.305358 0.00886153 4 3 0
1.193 0.30108 0.00894743 4 3 0
1.19059 0.296785 0.00903511 4 3 0
1.18818 0.292532 0.00912163 4 3 0
1.18578 0.288312 0.0092114 4 3 0
1.18339 0.284137 0.0093045 4 3 0
1.181 0.28 0.00940118 4 3 0
1.17862 0.275885 0.0094919 4 3 0
1.17624 0.27183 0.00959153 4 3 0
1.17386 0.267822 0.00968791 4 3 0
1.17149 0.263879 0.00978337 4 3 0
1.16913 0.25993 0.00988526 4 3 0
1.16676 0.256014 0.00998928 4 3 0
1.16441 0.252082 0.0100949 4 3 0
1.16205 0.248241 0.0101964 4 3 0
1.1597 0.24443 0.010301 4 3 0
1.15736 0.24067 0.0104083 4 3 0
1.15501 0.236917 0.0105187 4 3 0
1.15267 0.233195 0.0106318 4 3 0
1.15034 0.229476 0.0107446 4 3 0
1.14801 0.225811 0.0108592 4 3 0
1.14568 0.222176 0.010975 4 3 0
1.14336 0.21861 0.0110917 4 3 0
1.14105 0.215039 0.0112101 4 3 0
1.13873 0.211498 0.0113298 4 3 0
1.13642 0.207984 0.0114513 4 3 0
1.13412 0.204505 0.0115736 4 3 0
1.13182 0.201057 0.0116978 4 3 0
1.12953 0.197629 0.011823 4 3 0
1.12725 0.194241 0.011947 4 3 0
1.12497 0.190882 0.0120744 4 3 0
1.12269 0.187559 0.0121998 4 3 0
1.12042 0.18426 0.012325 4 3 0
1.11816 0.180993 0.0124512 4 3 0
1.11591 0.177743 0.0125773 4 3 0
1.11366 0.174538 0.012705 4 3 0
1.11142 0.171364 0.0128361 4 3 0
1.10919 0.168231 0.0129761 4 3 0
1.10696 0.16512 0.0131346 4 3 0
1.10474 0.16204 0.0133247 4 3 0
1.10253 0.158973 0.0135545 4 3 0
1.10032 0.155962 0.0138223 4 3 0
1.09811 0.152989 0.0141196 4 3 0
1.09591 0.15006 0.0144394 4 3 0
1.0937 0.147155 0.0147703 4 3 0
1.09149 0.144287 0.0151188 4 3 0
1.08927 0.141457 0.0154726 4 3 0
1.08704 0.138682 0.0158403 4 3 0
1.08479 0.135954 0.0162158 4 3 0
1.08251 0.133274 0.0165995 4 3 0
1.0802 0.130642 0.0169866 4 3 0
1.07785 0.128065 0.0173774 4 3 0
1.07546 0.125561 0.0177706 4 3 0
1.07301 0.12311 0.0181627 4 3 0
1.07051 0.120724 0.0185443 4 3 0
1.06796 0.118416 0.0189253 4 3 0
1.06534 0.116175 0.0192916 4 3 0
1.06266 0.114002 0.0196501 4 3 0
1.05992 0.111901 0.019996 4 3 0
1.05713 0.109867 0.0203294 4 3 0
1.05428 0.1079 0.0206477 4 3 0
1.05138 0.106 0.0209524 4 3 0
1.04843 0.104173 0.0212429 4 3 0
1.04543 0.102406 0.0215158 4 3 0
1.0424 0.100693 0.0217806 4 3 0
1.03933 0.0990305 0.0220242 4 3 0
1.03622 0.097416 0.0222587 4 3 0
1.03308 0.0958575 0.0224796 4 3 0
1.02991 0.0943339 0.022692 4 3 0
1.02672 0.092865 0.0228868 4 3 0
1.0235 0.0914289 0.023073 4 3 0
1.02026 0.0900314 0.0232505 4 3 0
1.017 0.0886643 0.0234195 4 3 0
1.01372 0.0873298 0.0235776 4 3 0
1.01043 0.0860227 0.0237245 4 3 0
1.00711 0.0847395 0.023865 4 3 0
1.00378 0.0834918 0.0240001 4 3 0
1.00044 0.0822576 0.024125 4 3 0
0.997084 0.0810582 0.0242447 4 3 0
0.993716 0.0798755 0.0243591 4 3 0
0.990336 0.078711 0.024465 4 3 0
0.986946 0.0775609 0.0245666 4 3 0
0.983545 0.0764345 0.0246629 4 3 0
0.980135 0.0753272 0.0247537 4 3 0
0.976715 0.0742367 0.0248408 4 3 0
0.973288 0.073159 0.0249223 4 3 0
0.969852 0.0720949 0.0249993 4 3 0
0.966409 0.0710443 0.0250733 4 3 0
0.962958 0.0700125 0.0251445 4 3 0
0.959502 0.0689972 0.0252092 4 3 0
0.956039 0.06799 0.0252714 4 3 0
0.95257 0.0670014 0.025331 4 3 0
0.949096 0.0660211 0.0253878 4 3 0
0.945618 0.0650636 0.0254424 4 3 0
0.942135 0.0641164 0.0254926 4 3 0
0.938648 0.0631798 0.0255408 4 3 0
0.935157 0.0622675 0.0255874 4 3 0
0.931664 0.0613661 0.025631 4 3 0
0.928167 0.0604822 0.0256734 4 3 0
0.924669 0.059613 0.0257144 4 3 0
0.921168 0.058764 0.0257525 4 3 0
0.917666 0.057935 0.0257882 4 3 0
0.914163 0.0571197 0.0258226 4 3 0
0.910659 0.056328 0.025856 4 3 0
0.907154 0.0555528 0.0258883 4 3 0
0.903649 0.0548 0.0259199 4 3 0
0.900144 0.0540649 0.025949 4 3 0
0.896638 0.0533501 0.0259784 4 3 0
0.893133 0.0526535 0.0260061 4 3 0
0.889629 0.0519781 0.0260322 4 3 0
0.886124 0.0513236 0.0260581 4 3 0
0.88262 0.0506867 0.0260837 4 3 0
0.879117 0.0500681 0.0261088 4 3 0
0.875615 0.0494673 0.0261323 4 3 0
0.872113 0.0488829 0.0261555 4 3 0
0.868611 0.0483181 0.0261785 4 3 0
0.86511 0.0477674 0.0262011 4 3 0
0.861611 0.0472321 0.0262237 4 3 0
0.858111 0.0467132 0.0262454 4 3 0
0.854613 0.046207 0.0262675 4 3 0
0.851115 0.045716 0.0262893 4 3 0
0.847618 0.0452369 0.02631 4 3 0
0.844122 0.0447709 0.0263313 4 3 0
0.840627 0.0443164 0.0263528 4 3 0
0.837133 0.0438727 0.0263742 4 3 0
0.833639 0.0434398 0.0263955 4 3 0
0.830147 0.0430169 0.0264173 4 3 0
0.826656 0.0426034 0.0264392 4 3 0
0.823166 0.0421993 0.0264613 4 3 0
0.819677 0.0418039 0.0264841 4 3 0
0.81619 0.0414161 0.026507 4 3 0
0.812704 0.0410367 0.0265308 4 3 0
0.809219 0.0406646 0.0265548 4 3 0
0.805737 0.0402994 0.0265789 4 3 0
0.802256 0.039941 0.0266043 4 3 0
0.798778 0.0395889 0.0266307 4 3 0
0.795301 0.0392425 0.0266578 4 3 0
0.791828 0.0389021 0.0266853 4 3 0
0.788356 0.0385671 0.0267141 4 3 0
0.784888 0.0382374 0.0267442 4 3 0
0.781423 0.0379122 0.0267758 4 3 0
0.777962 0.0375917 0.0268082 4 3 0
0.774505 0.0372757 0.0268424 4 3 0
0.771052 0.0369634 0.0268777 4 3 0
0.767603 0.0366549 0.0269149 4 3 0
0.76416 0.0363499 0.0269542 4 3 0
0.760723 0.0360481 0.0269956 4 3 0
0.757293 0.0357493 0.0270393 4 3 0
0.75387 0.0354531 0.0270849 4 3 0
0.750456 0.0351592 0.0271336 4 3 0
0.747051 0.0348674 0.0271855 4 3 0
0.743657 0.0345778 0.0272401 4 3 0
0.740275 0.0342892 0.0272989 4 3 0
0.736908 0.0340015 0.0273614 4 3 0
0.733558 0.0337142 0.0274287 4 3 0
0.730227 0.0334269 0.0275009 4 3 0
0.726921 0.0331389 0.0275792 4 3 0
0.723643 0.0328496 0.0276645 4 3 0
0.7204 0.032558 0.0277578 4 3 0
0.717202 0.0322631 0.0278606 4 3 0
0.71406 0.0319634 0.0279747 4 3 0
0.710994 0.0316572 0.028103 4 3 0
0.70803 0.0313422 0.0282489 4 3 0
0.705213 0.0310151 0.0284176 4 3 0
0.702619 0.0306723 0.0286171 4 3 0
0.70038 0.030309 0.0288585 4 3 0
0.698744 0.0299228 0.0291564 4 3 0
0.698195 0.0295259 0.0295215 3 3 0
0.698119 0.0295833 0.0294625 4 3 0
0.698904 0.0299723 0.0291155 4 3 0
0.700674 0.0303629 0.0288205 4 3 0
0.703 0.0307264 0.028584 4 3 0
0.705646 0.0310678 0.0283891 4 3 0
0.708495 0.0313931 0.0282241 4 3 0
0.71148 0.0317068 0.0280812 4 3 0
0.714561 0.0320121 0.0279556 4 3 0
0.717714 0.0323109 0.0278433 4 3 0
0.720921 0.0326052 0.0277421 4 3 0
0.72417 0.0328965 0.0276502 4 3 0
0.727453 0.0331854 0.0275662 4 3 0
0.730764 0.0334732 0.027489 4 3 0
0.734098 0.0337605 0.0274175 4 3 0
0.737451 0.0340476 0.027351 4 3 0
0.74082 0.0343354 0.0272889 4 3 0
0.744204 0.0346244 0.0272309 4 3 0
0.7476 0.0349147 0.0271766 4 3 0
0.751007 0.0352068 0.0271256 4 3 0
0.754423 0.0355005 0.0270776 4 3 0
0.757847 0.035797 0.0270319 4 3 0
